4.026492734539984797e-01
3.327731063865008720e-01
2.546696347481579026e-01
1.611358814136408246e-01
5.639406072822193000e-02
-6.451255137900584191e-02
-2.052440077759594139e-01
-3.624696255143055601e-01
-5.447534368971753693e-01
-7.562051463720923516e-01
-1.021275974950987653e+00
-1.325316917174367060e+00
-1.715110099964671342e+00
-2.143518925151796317e+00
-2.670732650025293253e+00
-3.318157747323573048e+00
-4.111680336439230032e+00
-5.064694024487498503e+00
-6.204624399445134664e+00
-7.436451541078493932e+00
-8.614650333526823189e+00
-7.424286456568475856e+00
-6.280633853834491021e+00
-5.186195636522576535e+00
-4.243000024120943792e+00
-3.472616748069182968e+00
-2.783866322854447350e+00
-2.205906792020207785e+00
-1.728508995087012945e+00
-1.295980517701363688e+00
-9.372029143302597065e-01
-6.121724104793772048e-01
-3.416838612387327889e-01
-1.001699956867998648e-01
1.168796997449066261e-01
3.091255413347491210e-01
4.754428924218255803e-01
6.154997154772733348e-01
7.376594597758416860e-01
8.560197852996627166e-01
