   0 -999744415.9   65
   1 -997058604.4   65
   2 -995717068.3   65
   3 -992432946.1   65
   4 -991459525.8   65
   5 -990015979.9   65
   6 -987259593.2   65
   7 -984546355.9   65
   8 -983430659.9   65
   9 -982232825.2   65
  10 -979694056.3   65
  11 -977884846.5   65
  12 -975931588.6   65
  13 -972930215.7   65
  14 -972367419.5   65
  15 -969277957.6   65
  16 -968344852.7   65
  17 -965925503.6   65
  18 -963301153.2   65
  19 -962732808.9   65
  20 -960805497.3   65
  21 -958955674.3   65
  22 -956858645.0   65
  23 -953455204.2   65
  24 -951837292.0   65
  25 -950547489.3   65
  26 -948307278.9   65
  27 -946139872.9   65
  28 -945129882.8   65
  29 -943318278.0   65
  30 -939549255.0   65
  31 -938064505.9   65
  32 -935771603.9   65
  33 -934479593.2   65
  34 -932687665.5   65
  35 -930895737.8   65
  36 -929103810.1   65
  37 -926067478.5   65
  38 -925272111.1   65
  39 -922601347.9   65
  40 -920884151.0   65
  41 -919737509.5   65
  42 -916782958.8   65
  43 -914917992.5   65
  44 -913591074.2   65
  45 -910390337.6   65
  46 -908473902.1   65
  47 -906538708.3   65
  48 -905926376.9   65
  49 -904070609.0   65
  50 -902072688.5   65
  51 -898854740.7   65
  52 -896954748.0   65
  53 -895998278.1   65
  54 -893476367.5   65
  55 -892104885.8   65
  56 -889785186.2   65
  57 -887433042.9   65
  58 -886090333.4   65
  59 -883200757.3   65
  60 -881207693.3   65
  61 -880554442.6   65
  62 -877510964.0   65
  63 -875195630.3   65
  64 -873894253.5   65
  65 -872948917.6   65
  66 -869878433.3   65
  67 -868070050.3   65
  68 -866443176.3   65
  69 -864574079.2   65
  70 -862416030.2   65
  71 -860053652.7   65
  72 -859005151.6   65
  73 -856294355.2   65
  74 -853636300.8   65
  75 -851687726.5   65
  76 -849739152.2   65
  77 -847790577.9   65
  78 -846193035.0   65
  79 -844425609.3   65
  80 -842658183.6   65
  81 -840890757.9   65
  82 -838405559.4   65
  83 -836475033.4   65
  84 -834544507.5   65
  85 -832613981.5   65
  86 -831306579.9   65
  87 -829261959.5   65
  88 -826701680.8   65
  89 -825002220.2   65
  90 -823302759.5   65
  91 -821603298.8   65
  92 -820195460.6   65
  93 -817478654.5   65
  94 -814852340.3   65
  95 -813310532.5   65
  96 -811317261.0   65
  97 -808797800.3   65
  98 -807479341.3   65
  99 -805718948.6   65
 100 -804056677.7   65
 101 -800899986.5   65
 102 -799508951.4   65
 103 -797838043.6   65
 104 -796590959.2   65
 105 -793331512.3   65
 106 -791861963.2   65
 107 -790072969.2   65
 108 -788139930.4   65
 109 -785833128.0   65
 110 -784053056.0   65
 111 -782704683.2   65
 112 -780446993.7   65
 113 -778098824.4   65
 114 -775937863.7   65
 115 -774675136.0   65
 116 -772021374.3   65
 117 -771080774.5   65
 118 -769443705.0   65
 119 -767558463.5   65
 120 -764265479.5   65
 121 -763244979.7   65
 122 -761280281.4   65
 123 -757889523.5   65
 124 -755941492.0   65
 125 -753993460.5   65
 126 -752355207.3   65
 127 -750716954.1   65
 128 -749078700.8   65
 129 -748089114.9   65
 130 -745602023.3   65
 131 -742564715.2   65
 132 -740869091.1   65
 133 -740290332.6   65
 134 -737941762.6   65
 135 -734645435.1   65
 136 -733865915.0   65
 137 -730807131.0   65
 138 -728709407.3   65
 139 -727408412.3   65
 140 -726558986.7   65
 141 -723270793.7   65
 142 -720801755.5   65
 143 -719768756.5   65
 144 -717385918.3   65
 145 -715987827.1   65
 146 -713977407.7   65
 147 -712913687.9   65
 148 -709443558.2   65
 149 -707252409.8   65
 150 -706440704.1   65
 151 -704379225.6   65
 152 -702103932.5   65
 153 -699366275.7   65
 154 -697929419.9   65
 155 -695947993.0   65
 156 -693966566.0   65
 157 -691985139.1   65
 158 -689596551.7   65
 159 -688256420.7   65
 160 -687222786.2   65
 161 -684929702.1   65
 162 -683405643.3   65
 163 -681363054.8   65
 164 -678725905.2   65
 165 -675867946.9   65
 166 -674457251.8   65
 167 -673368572.5   65
 168 -671776221.6   65
 169 -668634829.8   65
 170 -666630981.4   65
 171 -664478670.1   65
 172 -663616670.9   65
 173 -661706514.3   65
 174 -659796357.7   65
 175 -657886201.1   65
 176 -656013025.2   65
 177 -653819727.2   65
 178 -651486690.8   65
 179 -649913849.3   65
 180 -646774463.3   65
 181 -646207389.4   65
 182 -643266209.2   65
 183 -642006988.9   65
 184 -638842779.6   65
 185 -637505568.0   65
 186 -636031402.9   65
 187 -633578459.7   65
 188 -632675701.0   65
 189 -630881458.8   65
 190 -628983905.2   65
 191 -626797352.4   65
 192 -625001163.6   65
 193 -622173174.0   65
 194 -620208972.5   65
 195 -617898072.1   65
 196 -615638119.0   65
 197 -614860464.6   65
 198 -612943407.2   65
 199 -610354726.1   65
 200 -608835565.0   65
 201 -605859165.2   65
 202 -604396608.3   65
 203 -601692541.0   65
 204 -601004889.3   65
 205 -598822169.0   65
 206 -596639448.6   65
 207 -594456728.3   65
 208 -593256321.5   65
 209 -591818432.5   65
 210 -589004244.7   65
 211 -586796899.0   65
 212 -585814791.9   65
 213 -583863809.5   65
 214 -580806093.5   65
 215 -580143716.7   65
 216 -577586690.7   65
 217 -574374724.7   65
 218 -572562966.3   65
 219 -570751208.0   65
 220 -568939449.7   65
 221 -568136701.3   65
 222 -565258398.9   65
 223 -562923704.0   65
 224 -560865446.0   65
 225 -559290806.4   65
 226 -557743653.9   65
 227 -556361736.5   65
 228 -553713222.3   65
 229 -552118562.0   65
 230 -550523901.8   65
 231 -548929241.5   65
 232 -545285818.6   65
 233 -544257284.1   65
 234 -542460915.2   65
 235 -539779681.3   65
 236 -538421111.7   65
 237 -535456434.7   65
 238 -533959412.8   65
 239 -532743845.5   65
 240 -530380531.4   65
 241 -528658980.5   65
 242 -526824273.9   65
 243 -524343217.9   65
 244 -522271403.6   65
 245 -520686236.1   65
 246 -517729521.8   65
 247 -516492700.8   65
 248 -515503842.8   65
 249 -513150919.9   65
 250 -510797996.9   65
 251 -508445074.0   65
 252 -506974152.9   65
 253 -504806252.5   65
 254 -503512230.2   65
 255 -500784208.6   65
 256 -498951081.4   65
 257 -497791784.6   65
 258 -494755652.2   65
 259 -493058592.6   65
 260 -491466052.5   65
 261 -490121022.3   65
 262 -488151360.0   65
 263 -485701883.9   65
 264 -483105211.0   65
 265 -480988306.9   65
 266 -480145070.3   65
 267 -477878392.4   65
 268 -476139880.0   65
 269 -474401367.5   65
 270 -472662855.1   65
 271 -470346360.5   65
 272 -468084207.4   65
 273 -465371768.5   65
 274 -464149760.8   65
 275 -461688684.2   65
 276 -460074515.8   65
 277 -458516027.0   65
 278 -456694291.0   65
 279 -454872554.9   65
 280 -453050818.8   65
 281 -449920044.5   65
 282 -448768537.2   65
 283 -446534993.7   65
 284 -444675887.2   65
 285 -442686500.1   65
 286 -441266250.3   65
 287 -438190757.2   65
 288 -436848521.9   65
 289 -434519749.4   65
 290 -433012701.6   65
 291 -431363917.7   65
 292 -429065165.7   65
 293 -426649336.9   65
 294 -424609306.5   65
 295 -423848645.3   65
 296 -421570221.6   65
 297 -419456493.6   65
 298 -417728894.2   65
 299 -414997999.4   65
 300 -412800953.3   65
 301 -410848599.9   65
 302 -409805708.3   65
 303 -407807943.7   65
 304 -405583028.1   65
 305 -403002184.9   65
 306 -401303737.2   65
 307 -399447639.0   65
 308 -397726378.7   65
 309 -396418242.5   65
 310 -394178791.2   65
 311 -392059182.9   65
 312 -389238583.6   65
 313 -387535343.8   65
 314 -385567041.5   65
 315 -384277481.8   65
 316 -382403435.5   65
 317 -379582145.1   65
 318 -377166336.5   65
 319 -376008744.5   65
 320 -374815328.3   65
 321 -371638855.9   65
 322 -369586617.0   65
 323 -368069927.2   65
 324 -367323199.1   65
 325 -364615324.3   65
 326 -362228093.0   65
 327 -360217018.5   65
 328 -357822694.2   65
 329 -355834864.5   65
 330 -354747745.5   65
 331 -352912503.7   65
 332 -350000404.8   65
 333 -348522037.7   65
 334 -345966580.9   65
 335 -344438421.7   65
 336 -343090686.0   65
 337 -340068222.0   65
 338 -338653316.6   65
 339 -337462084.6   65
 340 -335423205.7   65
 341 -334127256.6   65
 342 -331975497.3   65
 343 -329580826.9   65
 344 -326884397.3   65
 345 -325056723.4   65
 346 -323252968.3   65
 347 -322172006.6   65
 348 -319448428.8   65
 349 -317596520.8   65
 350 -316114040.0   65
 351 -313409408.5   65
 352 -312456572.6   65
 353 -309982282.3   65
 354 -307834905.2   65
 355 -305672123.7   65
 356 -303753094.3   65
 357 -301015820.2   65
 358 -300373403.4   65
 359 -298122777.4   65
 360 -295194124.7   65
 361 -293628867.4   65
 362 -291608220.2   65
 363 -289587572.9   65
 364 -288104169.7   65
 365 -286620766.5   65
 366 -285137363.4   65
 367 -281937784.2   65
 368 -280090052.9   65
 369 -278242321.5   65
 370 -276394590.2   65
 371 -273972739.2   65
 372 -271848297.0   65
 373 -270885925.1   65
 374 -268682392.9   65
 375 -266661352.3   65
 376 -263899403.5   65
 377 -262213310.4   65
 378 -261548371.7   65
 379 -259782929.6   65
 380 -257635762.3   65
 381 -255488595.0   65
 382 -253341427.7   65
 383 -250467397.3   65
 384 -249389263.3   65
 385 -246985538.5   65
 386 -245058372.8   65
 387 -242933300.8   65
 388 -242294379.8   65
 389 -239805440.1   65
 390 -237236553.8   65
 391 -235644751.6   65
 392 -234003738.4   65
 393 -232465901.8   65
 394 -230129615.6   65
 395 -227793329.4   65
 396 -225457043.1   65
 397 -222939665.0   65
 398 -221069662.7   65
 399 -219353211.6   65
 400 -217636760.6   65
 401 -215920309.5   65
 402 -214331316.0   65
 403 -213014764.3   65
 404 -210290513.8   65
 405 -208521912.1   65
 406 -206521682.4   65
 407 -204528274.4   65
 408 -201695001.3   65
 409 -200566249.6   65
 410 -197735418.0   65
 411 -196771144.1   65
 412 -195402777.4   65
 413 -193328118.1   65
 414 -189864252.8   65
 415 -188754718.7   65
 416 -186853939.4   65
 417 -184063028.1   65
 418 -183143939.1   65
 419 -180262291.8   65
 420 -178873762.5   65
 421 -177880501.0   65
 422 -175290135.5   65
 423 -172602378.9   65
 424 -170308249.3   65
 425 -168981611.1   65
 426 -167346624.1   65
 427 -164957800.6   65
 428 -163002858.3   65
 429 -162281938.0   65
 430 -159519935.3   65
 431 -156941031.0   65
 432 -155439614.7   65
 433 -153293480.7   65
 434 -150938419.0   65
 435 -149446941.4   65
 436 -147955996.4   65
 437 -145834146.9   65
 438 -144295169.3   65
 439 -142492902.0   65
 440 -138914928.1   65
 441 -137712364.3   65
 442 -136386861.0   65
 443 -134858826.8   65
 444 -132126772.0   65
 445 -130574489.4   65
 446 -127844550.3   65
 447 -126123355.5   65
 448 -123567759.0   65
 449 -122515959.8   65
 450 -119675170.2   65
 451 -118710925.1   65
 452 -117242668.9   65
 453 -114337839.6   65
 454 -111639925.7   65
 455 -110047284.3   65
 456 -109257529.8   65
 457 -107531868.8   65
 458 -104954668.4   65
 459 -102517221.5   65
 460 -101065113.2   65
 461 -99770405.9   65
 462 -96494798.7   65
 463 -94818543.5   65
 464 -92214979.5   65
 465 -91624367.1   65
 466 -89462962.1   65
 467 -87370729.9   65
 468 -85860509.8   65
 469 -83889912.2   65
 470 -80746192.8   65
 471 -79342364.0   65
 472 -76856504.4   65
 473 -75792178.9   65
 474 -72968262.1   65
 475 -70971269.2   65
 476 -69064561.5   65
 477 -67925181.1   65
 478 -65903493.0   65
 479 -63526838.1   65
 480 -62690967.5   65
 481 -60560631.8   65
 482 -58088849.7   65
 483 -55273674.1   65
 484 -53521545.6   65
 485 -51142965.6   65
 486 -50416783.6   65
 487 -48496147.8   65
 488 -46723724.2   65
 489 -43896076.8   65
 490 -41778818.6   65
 491 -41097308.8   65
 492 -38485281.8   65
 493 -36263927.2   65
 494 -34964334.3   65
 495 -31791611.5   65
 496 -29603590.5   65
 497 -28366597.5   65
 498 -27168175.5   65
 499 -24333300.6   65
 500 -23327419.3   65
 501 -20399031.7   65
 502 -18263105.1   65
 503 -16232115.4   65
 504 -14151295.8   65
 505 -13070006.5   65
 506 -10317260.4   65
 507 -8925409.0   65
 508 -7180878.0   65
 509 -5512880.0   65
 510 -2758633.1   65
 511 -1189669.7   65
 512   452479.6   65
 513  3292997.6   65
 514  4548334.0   65
 515  6894490.9   65
 516  8939945.2   65
 517 11658386.3   65
 518 12750180.0   65
 519 14949344.9   65
 520 16771859.5   65
 521 19005897.6   65
 522 20340478.8   65
 523 22249006.6   65
 524 23745433.3   65
 525 27196701.2   65
 526 28632270.8   65
 527 30008201.6   65
 528 32214458.5   65
 529 34204839.4   65
 530 37306163.1   65
 531 37998431.6   65
 532 40804358.8   65
 533 41913440.5   65
 534 44271487.7   65
 535 45775855.2   65
 536 47911691.6   65
 537 50599683.8   65
 538 51915652.1   65
 539 53446750.2   65
 540 56234586.9   65
 541 57906127.7   65
 542 59889775.3   65
 543 61876533.1   65
 544 62799552.0   65
 545 65879107.0   65
 546 67277412.7   65
 547 69257630.4   65
 548 71192784.8   65
 549 73009275.1   65
 550 76167116.6   65
 551 77268818.2   65
 552 78863750.2   65
 553 80391666.0   65
 554 82660561.0   65
 555 85198430.1   65
 556 86483007.9   65
 557 89422923.9   65
 558 90371380.7   65
 559 93054480.3   65
 560 95408970.4   65
 561 97682909.0   65
 562 99400676.3   65
 563 101027019.8   65
 564 102548918.7   65
 565 104302646.9   65
 566 106859025.9   65
 567 108786038.4   65
 568 111352790.3   65
 569 113316977.6   65
 570 114890869.3   65
 571 117011150.4   65
 572 118962075.4   65
 573 120167929.2   65
 574 121986466.3   65
 575 124726479.1   65
 576 127082630.3   65
 577 128369887.4   65
 578 130522654.7   65
 579 132675422.0   65
 580 134828189.3   65
 581 136495633.0   65
 582 138680248.5   65
 583 139976969.8   65
 584 141155553.4   65
 585 143603870.2   65
 586 145223645.4   65
 587 146779809.9   65
 588 149500513.8   65
 589 151685767.0   65
 590 154092002.1   65
 591 155156843.6   65
 592 157914231.2   65
 593 160178834.9   65
 594 160981192.1   65
 595 162827798.8   65
 596 164674405.6   65
 597 166521012.3   65
 598 169531955.7   65
 599 171045599.2   65
 600 173580155.6   65
 601 175534622.1   65
 602 177088347.4   65
 603 178655381.1   65
 604 181810041.2   65
 605 182432690.8   65
 606 184960693.3   65
 607 186989776.2   65
 608 188396639.1   65
 609 191520805.8   65
 610 192541924.2   65
 611 195114386.1   65
 612 196813516.3   65
 613 199052196.9   65
 614 199825708.9   65
 615 203268397.8   65
 616 204520825.2   65
 617 206294865.0   65
 618 209085184.0   65
 619 210523488.0   65
 620 212080791.4   65
 621 213732326.7   65
 622 215727975.1   65
 623 217723623.6   65
 624 219719272.0   65
 625 222085589.3   65
 626 224381281.0   65
 627 225122443.7   65
 628 227199192.6   65
 629 230468642.7   65
 630 231186886.8   65
 631 234399509.6   65
 632 235177768.6   65
 633 237983829.1   65
 634 239395586.1   65
 635 242219004.5   65
 636 242847784.8   65
 637 245046237.3   65
 638 247140219.8   65
 639 248569659.5   65
 640 251542933.4   65
 641 252565997.0   65
 642 254366063.3   65
 643 257315043.0   65
 644 258777969.7   65
 645 260294907.4   65
 646 262853603.8   65
 647 265130747.6   65
 648 267076909.5   65
 649 268423763.5   65
 650 271274409.7   65
 651 271931645.5   65
 652 275110484.6   65
 653 276575735.6   65
 654 279010116.6   65
 655 280084626.6   65
 656 282349783.8   65
 657 283912517.4   65
 658 285760534.5   65
 659 287608551.7   65
 660 289456568.9   65
 661 291198961.7   65
 662 294540424.8   65
 663 296619726.1   65
 664 298114976.7   65
 665 299036651.7   65
 666 301496172.7   65
 667 304304952.5   65
 668 305958728.8   65
 669 307433911.5   65
 670 310456777.1   65
 671 311132819.2   65
 672 313698114.0   65
 673 315914924.4   65
 674 316670231.2   65
 675 319274905.1   65
 676 320560251.5   65
 677 322994289.0   65
 678 325428326.5   65
 679 327862364.1   65
 680 329109420.1   65
 681 331578250.2   65
 682 332751809.2   65
 683 334882900.9   65
 684 337295664.5   65
 685 338101865.3   65
 686 341955535.4   65
 687 342967419.2   65
 688 345607823.3   65
 689 347247747.0   65
 690 348448717.2   65
 691 350616433.6   65
 692 352747124.0   65
 693 354075920.0   65
 694 355829415.2   65
 695 358246516.4   65
 696 361470860.3   65
 697 362530544.7   65
 698 364517679.7   65
 699 365445778.0   65
 700 367969397.0   65
 701 370320405.2   65
 702 372730098.0   65
 703 374459049.2   65
 704 376188000.5   65
 705 377916951.7   65
 706 380150027.3   65
 707 382321838.8   65
 708 384675000.6   65
 709 386150565.1   65
 710 388760773.2   65
 711 389684056.9   65
 712 391032343.9   65
 713 394022271.9   65
 714 396308708.3   65
 715 398302052.2   65
 716 398869946.1   65
 717 401491552.9   65
 718 404303276.3   65
 719 406077932.2   65
 720 406792260.2   65
 721 408937757.8   65
 722 411083255.4   65
 723 413228753.0   65
 724 415636544.5   65
 725 416485941.4   65
 726 419481764.8   65
 727 420409261.5   65
 728 423196011.9   65
 729 424599988.8   65
 730 427634430.7   65
 731 428838471.2   65
 732 430569367.2   65
 733 433122446.5   65
 734 434963961.7   65
 735 436060972.9   65
 736 438289385.1   65
 737 439854573.8   65
 738 442030039.1   65
 739 443842177.0   65
 740 446802364.7   65
 741 447890537.8   65
 742 450524672.1   65
 743 452020634.7   65
 744 453524355.1   65
 745 455942050.9   65
 746 458096484.4   65
 747 460250918.0   65
 748 462405351.6   65
 749 463935748.1   65
 750 465724009.1   65
 751 468856769.1   65
 752 469768215.7   65
 753 471070945.6   65
 754 473593220.6   65
 755 475146991.4   65
 756 476894938.3   65
 757 480365782.3   65
 758 481032903.6   65
 759 483269104.2   65
 760 486202633.0   65
 761 486883903.8   65
 762 489017598.0   65
 763 490828337.8   65
 764 493652651.7   65
 765 495525983.3   65
 766 497399314.9   65
 767 499272646.4   65
 768 501086546.6   65
 769 503200994.0   65
 770 504534917.3   65
 771 506020122.2   65
 772 508458042.3   65
 773 511460607.5   65
 774 513410762.2   65
 775 514949400.8   65
 776 516903628.4   65
 777 518857855.9   65
 778 520812083.4   65
 779 522953295.1   65
 780 524843208.9   65
 781 525685310.0   65
 782 527524174.1   65
 783 531055527.3   65
 784 532088381.4   65
 785 533757941.4   65
 786 536569462.3   65
 787 539068393.2   65
 788 540804429.2   65
 789 542257419.4   65
 790 543710409.6   65
 791 545163399.7   65
 792 547091943.5   65
 793 550384554.7   65
 794 552343921.0   65
 795 554656946.0   65
 796 556014813.1   65
 797 557459091.5   65
 798 558813234.5   65
 799 561154194.7   65
 800 563218665.3   65
 801 565728274.2   65
 802 567137965.6   65
 803 569855341.3   65
 804 570613691.7   65
 805 573013617.8   65
 806 575262949.2   65
 807 577990372.6   65
 808 579892817.3   65
 809 581795262.1   65
 810 583697706.8   65
 811 585351011.7   65
 812 586517513.9   65
 813 589065852.5   65
 814 590884569.6   65
 815 592381331.2   65
 816 595590566.0   65
 817 597020853.3   65
 818 598451140.5   65
 819 599881427.7   65
 820 603354157.6   65
 821 604995132.3   65
 822 606655852.4   65
 823 608171587.1   65
 824 609678769.8   65
 825 612123040.4   65
 826 615000759.9   65
 827 616552735.8   65
 828 617496451.7   65
 829 619625232.1   65
 830 622693935.4   65
 831 624747612.3   65
 832 626911627.8   65
 833 628191896.5   65
 834 629686580.8   65
 835 632029770.6   65
 836 633819363.4   65
 837 635876973.6   65
 838 638568997.9   65
 839 640104645.6   65
 840 642202228.5   65
 841 643982012.3   65
 842 645848558.2   65
 843 647817158.4   65
 844 649862533.4   65
 845 651711565.4   65
 846 653615570.6   65
 847 655944389.4   65
 848 657514322.5   65
 849 658295064.2   65
 850 660314933.6   65
 851 663928635.9   65
 852 664529533.5   65
 853 666385742.6   65
 854 669253337.6   65
 855 670758490.3   65
 856 673069294.4   65
 857 675536206.1   65
 858 676097322.0   65
 859 679541265.2   65
 860 680171634.6   65
 861 682387184.3   65
 862 684953908.3   65
 863 686275091.3   65
 864 687746176.2   65
 865 691363356.5   65
 866 692633453.1   65
 867 695181210.0   65
 868 695811846.3   65
 869 698456284.1   65
 870 699518834.3   65
 871 702207034.7   65
 872 704583651.0   65
 873 706449922.6   65
 874 708202832.8   65
 875 709962151.1   65
 876 711720784.5   65
 877 713407954.9   65
 878 716116050.3   65
 879 717267999.7   65
 880 719242839.5   65
 881 722162978.2   65
 882 724180455.3   65
 883 725310511.2   65
 884 727335539.4   65
 885 730455000.8   65
 886 731861642.7   65
 887 732870902.8   65
 888 735129264.3   65
 889 737157517.1   65
 890 739196476.7   65
 891 742001953.9   65
 892 742809834.4   65
 893 745981508.0   65
 894 747462111.3   65
 895 748491187.1   65
 896 751213893.6   65
 897 753239468.0   65
 898 754595691.8   65
 899 757038226.8   65
 900 758178242.7   65
 901 760879125.2   65
 902 763212295.8   65
 903 765066104.0   65
 904 766652463.3   65
 905 768818562.2   65
 906 771188335.0   65
 907 772887727.4   65
 908 774859067.5   65
 909 776777028.2   65
 910 778323362.7   65
 911 779403336.4   65
 912 782764977.6   65
 913 784541992.4   65
 914 785360134.1   65
 915 788464595.9   65
 916 791013941.3   65
 917 791835534.3   65
 918 793303467.7   65
 919 795030842.7   65
 920 798419260.6   65
 921 799162797.1   65
 922 802596026.1   65
 923 804558495.0   65
 924 805754313.9   65
 925 807484510.2   65
 926 809214706.5   65
 927 810944902.8   65
 928 813588434.0   65
 929 815023573.6   65
 930 816475499.5   65
 931 818967910.2   65
 932 820618268.7   65
 933 823749961.4   65
 934 826036077.1   65
 935 827450876.0   65
 936 829013410.3   65
 937 830776531.5   65
 938 832517260.4   65
 939 834572496.0   65
 940 837012077.4   65
 941 837983150.3   65
 942 840228771.5   65
 943 842239632.7   65
 944 844320387.3   65
 945 846858634.7   65
 946 848505200.0   65
 947 849756797.2   65
 948 853253437.3   65
 949 855188132.1   65
 950 855885174.1   65
 951 858488821.1   65
 952 860118380.9   65
 953 861747940.8   65
 954 863377500.6   65
 955 865373142.4   65
 956 867354023.2   65
 957 870457831.0   65
 958 871170603.4   65
 959 874805961.3   65
 960 875668167.4   65
 961 878299903.3   65
 962 879867458.1   65
 963 881101405.3   65
 964 883188182.8   65
 965 884840922.8   65
 966 888379476.9   65
 967 889412553.2   65
 968 892374571.0   65
 969 893529705.1   65
 970 895939724.0   65
 971 898062226.6   65
 972 899049407.7   65
 973 900900195.1   65
 974 903635439.7   65
 975 904578630.9   65
 976 907961802.8   65
 977 909875890.7   65
 978 911225189.2   65
 979 912871601.2   65
 980 915108286.9   65
 981 917675248.5   65
 982 919188682.6   65
 983 920702116.7   65
 984 922215550.8   65
 985 924519087.1   65
 986 926822623.4   65
 987 929126159.7   65
 988 930932693.7   65
 989 933339066.3   65
 990 934120579.7   65
 991 935711109.8   65
 992 938805035.2   65
 993 939658256.0   65
 994 942001254.4   65
 995 943955532.7   65
 996 946126956.2   65
 997 948741237.7   65
 998 950488708.0   65
 999 952970314.8   65
1000 954320963.3   65
1001 955340257.1   65
1002 958580244.4   65
1003 959912083.9   65
1004 961213102.8   65
1005 963847065.5   65
1006 965616716.5   65
1007 967506706.7   65
1008 969785226.5   65
1009 972252504.2   65
1010 972965709.2   65
1011 974626769.7   65
1012 977661906.6   65
1013 979816247.2   65
1014 980622892.4   65
1015 982442682.7   65
1016 986191911.8   65
1017 988003185.5   65
1018 989764835.9   65
1019 990857686.0   65
1020 992387069.1   65
1021 994380672.9   65
1022 997963121.5   65
1023 999735466.4   65
